point1:0.000000_0.000000_0.000000
point2:21.000000_0.000000_0.000000
