point1:0.000000_0.000000_0.000000
point2:-23.000000_0.000000_0.000000
