point1:0.000000_0.000000_0.000000
point2:25.000000_0.000000_-44.000000
point3:-21.000000_0.000000_-44.000000
