dirLightActive:1
dirLightColor:0.185654_0.185654_0.185654_1
