sphereNum:279
slimeValue:1
rayMatchNum:24
clipValue:0.3
waxColor:0.983122_0.821028_0.721786_1
rimColor:0.8_0.6_0.34902_1
rimPower:2
