addNum:3
life:0.5
minscale:15
maxscale:20
accelpower:0.05
growingTimer:0.05
endscale:30
rejectradius:0
blendmode:0
isgravity:false
isbillboard:true
emitscale:5.000000_3.000000_20.000000
minvelo:0.000000_0.000000_-1.000000
maxvelo:5.000000_5.000000_3.000000
minrot:0.100000_0.100000_0.100000
maxrot:0.200000_0.200000_0.200000
color:1.000000_1.000000_1.000000_0.588235
tex:smoke
