addNum:1
life:0.5
minscale:0.8
maxscale:1.5
accelpower:0.03
growingTimer:0.1
endscale:0.3
rejectradius:0
isgravity:false
isbillboard:true
istargetemitter:false
emitscale:5.000000_5.000000_5.000000
minvelo:-1.000000_-1.000000_-1.000000
maxvelo:1.000000_1.000000_1.000000
targetpos:10.000000_0.000000_0.000000
minrot:-0.100000_-0.100000_-0.100000
maxrot:0.100000_0.100000_0.100000
color:0.902954_0.776502_0.377183_1.000000
tex:
