addNum:1
life:0.5
minscale:2
maxscale:3
accelpower:0.08
growingTimer:0.05
endscale:0.5
rejectradius:0
isgravity:false
isbillboard:true
istargetemitter:false
emitscale:24.000000_3.000000_24.000000
minvelo:-1.000000_-1.000000_-1.000000
maxvelo:1.000000_1.000000_1.000000
targetpos:10.000000_0.000000_0.000000
minrot:-0.100000_-0.100000_-0.100000
maxrot:0.100000_0.100000_0.100000
color:1.000000_1.000000_1.000000_0.705882
tex:dust
