addNum:1
life:0.2
minscale:8
maxscale:8
accelpower:0
growingTimer:0
endscale:12
rejectradius:0
blendmode:1
isgravity:false
isbillboard:true
emitscale:0.010000_0.010000_0.010000
minvelo:0.000000_0.000000_0.000000
maxvelo:0.000000_0.000000_0.000000
minrot:0.000000_0.000000_0.000000
maxrot:0.000000_0.000000_0.000000
color:1.000000_0.431373_0.000000_0.392157
tex:hit_effect_inside
