addNum:1
life:0.2
minscale:3
maxscale:3
accelpower:0
growingTimer:0.05
endscale:10.5
rejectradius:0
blendmode:1
isgravity:false
isbillboard:true
emitscale:0.010000_0.010000_0.010000
minvelo:0.000000_0.000000_0.000000
maxvelo:0.000000_0.000000_0.000000
minrot:0.000000_0.000000_0.000000
maxrot:0.000000_0.000000_0.000000
color:0.814346_0.350478_0.000000_0.117647
tex:hit_effect
