addNum:15
life:0.3
minscale:3
maxscale:4
accelpower:0.08
growingTimer:0.08
endscale:2
rejectradius:11
isgravity:false
isbillboard:true
istargetemitter:true
emitscale:8.000000_8.000000_8.000000
minvelo:0.000000_0.000000_0.000000
maxvelo:0.000000_0.000000_0.000000
targetpos:10.000000_0.000000_0.000000
minrot:-0.100000_-0.100000_-0.100000
maxrot:0.100000_0.100000_0.100000
color:0.902954_0.776502_0.377183_1.000000
tex:particle_simple
