addNum:15
life:0.25
minscale:5
maxscale:8
accelpower:0.05
growingTimer:0
endscale:0
isgravity:false
isbillboard:false
emitscale:0.100000_0.100000_0.100000
minvelo:-0.500000_-0.500000_-0.500000
maxvelo:0.500000_0.500000_0.500000
minrot:0.100000_0.100000_0.100000
maxrot:0.200000_0.200000_0.200000
color:0.006765_0.080169_0.006765_1.000000
tex:white2x2
