addNum:1
life:0.1
minscale:5
maxscale:5
accelpower:-7.45058e-09
growingTimer:0
endscale:12
rejectradius:0
isgravity:false
isbillboard:true
emitscale:0.000000_0.000000_0.000000
minvelo:0.000000_0.000000_0.000000
maxvelo:0.000000_0.000000_0.000000
minrot:0.000000_0.000000_0.000000
maxrot:0.000000_0.000000_0.000000
color:1.000000_0.962762_0.573840_1.000000
tex:shock_wave
