addNum:1
life:0.5
minscale:3
maxscale:5
accelpower:0.03
growingTimer:0.05
endscale:0
rejectradius:3
blendmode:1
isgravity:false
isbillboard:true
istargetemitter:true
emitscale:2.500000_2.500000_2.500000
minvelo:-1.000000_-1.000000_-1.000000
maxvelo:1.000000_1.000000_1.000000
targetpos:10.000000_0.000000_0.000000
minrot:-0.100000_-0.100000_-0.100000
maxrot:0.100000_0.100000_0.100000
color:1.000000_1.000000_1.000000_0.980392
tex:dust
