addNum:1
life:0.5
minscale:17
maxscale:20
accelpower:0.03
growingTimer:0.05
endscale:5
rejectradius:0
isgravity:false
isbillboard:true
istargetemitter:false
emitscale:15.000000_2.000000_15.000000
minvelo:-1.000000_-1.000000_-1.000000
maxvelo:1.000000_1.000000_1.000000
targetpos:10.000000_0.000000_0.000000
minrot:-0.100000_-0.100000_-0.100000
maxrot:0.100000_0.100000_0.100000
color:1.000000_1.000000_1.000000_0.039216
tex:smoke
