addNum:15
life:0.6
minscale:8
maxscale:12
accelpower:0.1
growingTimer:0.05
endscale:0
rejectradius:8
blendmode:1
isgravity:false
isbillboard:true
emitscale:6.000000_6.000000_6.000000
minvelo:0.000000_0.000000_0.000000
maxvelo:0.000000_0.250000_0.000000
minrot:0.000000_0.000000_0.000000
maxrot:0.000000_0.000000_0.000000
color:0.890196_0.870588_0.658824_0.588235
tex:arrow
