addNum:10
life:1
minscale:5
maxscale:5
accelpower:-7.45058e-09
growingTimer:0
endscale:12
rejectradius:0
isgravity:false
isbillboard:true
emitscale:0.000000_0.000000_0.000000
minvelo:-0.200000_-0.200000_-0.200000
maxvelo:0.200000_0.200000_0.200000
minrot:0.000000_0.000000_0.000000
maxrot:0.010000_0.010000_0.010000
color:1.000000_0.962762_0.573840_1.000000
tex:directional_burst
