addNum:10
life:0.5
minscale:5
maxscale:3
accelpower:0.13
growingTimer:0.1
endscale:0.5
isgravity:false
isbillboard:false
istargetemitter:true
emitscale:7.000000_7.000000_7.000000
minvelo:-1.000000_-1.000000_-1.000000
maxvelo:1.000000_1.000000_1.000000
targetpos:0.000000_0.000000_0.000000
minrot:-0.100000_-0.100000_-0.100000
maxrot:0.100000_0.100000_0.100000
color:0.902954_0.776502_0.377183_1.000000
tex:
