addNum:2
life:0.3
minscale:15
maxscale:15
accelpower:0.08
growingTimer:0.08
endscale:30
rejectradius:0
isgravity:false
isbillboard:true
emitscale:0.000000_0.000000_0.000000
minvelo:0.000000_0.000000_0.000000
maxvelo:0.000000_0.000000_0.000000
minrot:0.000000_0.000000_0.000000
maxrot:0.000000_0.000000_0.000000
color:0.902954_0.776502_0.377183_1.000000
tex:shock_wave
