addNum:25
life:0.3
minscale:10
maxscale:12
accelpower:0.08
growingTimer:0.08
endscale:5
rejectradius:34
isgravity:false
isbillboard:true
istargetemitter:true
emitscale:30.000000_30.000000_30.000000
minvelo:0.000000_0.000000_0.000000
maxvelo:0.000000_0.000000_0.000000
targetpos:10.000000_0.000000_0.000000
minrot:-0.100000_-0.100000_-0.100000
maxrot:0.100000_0.100000_0.100000
color:0.902954_0.776502_0.377183_1.000000
tex:particle_simple
