addNum:16
life:0.3
startradius:1
endradius:1.5
minscale:1
maxscale:1.5
minveloY:0.05
maxveloY:0.05
growingTimer:0.05
endscale:0
isgravity:false
isbillboard:true
minrot:-0.010000_-0.010000_-0.010000
maxrot:0.010000_0.010000_0.010000
color:1.000000_1.000000_1.000000_1.000000
tex:particle_simple
