addNum:32
life:0.45
startradius:10
endradius:20
minscale:20
maxscale:20
minveloY:0.1
maxveloY:0.1
growingTimer:0.1
endscale:0
isgravity:false
isbillboard:true
minrot:0.050000_0.050000_0.050000
maxrot:0.100000_0.100000_0.100000
color:0.962025_0.941729_0.941729_1.000000
tex:particle_simple
