addNum:1
life:1.5
minscale:10
maxscale:20
accelpower:0.15
growingTimer:0.05
endscale:0
rejectradius:0
blendmode:0
isgravity:false
isbillboard:true
emitscale:2.000000_2.000000_2.000000
minvelo:-0.010000_-0.010000_-0.010000
maxvelo:0.010000_0.010000_0.010000
minrot:0.100000_0.100000_0.100000
maxrot:0.200000_0.200000_0.200000
color:1.000000_1.000000_1.000000_0.078431
tex:smoke
