addNum:20
life:0.5
minscale:5
maxscale:10
accelpower:0.05
growingTimer:0.05
endscale:1
rejectradius:0
isgravity:false
isbillboard:true
emitscale:1.000000_1.000000_1.000000
minvelo:-0.200000_0.000000_-0.200000
maxvelo:0.200000_0.200000_0.200000
minrot:0.100000_0.100000_0.100000
maxrot:0.200000_0.200000_0.200000
color:0.092827_0.092827_0.092827_0.588235
tex:particle_simple
