addNum:10
life:0.5
minscale:5
maxscale:8
accelpower:0.1
growingTimer:0.05
endscale:0
rejectradius:0
isgravity:false
isbillboard:true
emitscale:1.000000_1.000000_1.000000
minvelo:-0.020000_0.000000_-0.020000
maxvelo:0.020000_0.150000_0.020000
minrot:0.100000_0.100000_0.100000
maxrot:0.200000_0.200000_0.200000
color:0.003276_0.097046_0.015146_0.588235
tex:smoke
