addNum:10
life:0.5
startradius:0
endradius:0
minscale:5
maxscale:8
minveloY:0
maxveloY:0
growingTimer:0.05
endscale:0
isgravity:false
isbillboard:true
minrot:0.100000_0.100000_0.100000
maxrot:0.200000_0.200000_0.200000
color:0.219409_0.219409_0.219409_0.588235
tex:smoke
