addNum:10
life:0.5
minscale:5
maxscale:8
accelpower:0.2
growingTimer:0.05
endscale:0
rejectradius:0
isgravity:false
isbillboard:true
emitscale:1.500000_1.500000_1.500000
minvelo:-0.020000_0.000000_-0.020000
maxvelo:0.020000_0.050000_0.020000
minrot:0.100000_0.100000_0.100000
maxrot:0.200000_0.200000_0.200000
color:0.219409_0.219409_0.219409_0.588235
tex:particle_simple
