addNum:5
life:0.4
minscale:2
maxscale:3
accelpower:0.001
growingTimer:0.01
endscale:2
isgravity:false
isbillboard:true
emitscale:4.000000_4.000000_4.000000
minvelo:-0.300000_-0.300000_0.000000
maxvelo:0.300000_0.300000_0.000000
maxvelo:0.300000_0.300000_0.000000
minrot:0.000000_0.000000_0.200000
maxrot:0.000000_0.000000_0.250000
color:0.843882_0.807599_0.270612_1.000000
tex:particle_star_4
