addNum:1
life:0.5
minscale:0.8
maxscale:1.5
accelpower:0.03
growingTimer:0.1
endscale:0.3
isgravity:false
isbillboard:false
istargetemitter:true
emitscale:3.000000_3.000000_3.000000
minvelo:-0.700000_-0.700000_-0.700000
maxvelo:0.700000_0.700000_0.700000
targetpos:0.000000_0.000000_0.000000
minrot:-0.100000_-0.100000_-0.100000
maxrot:0.100000_0.100000_0.100000
color:0.932489_0.829394_0.389521_1.000000
tex:
